2 10000 1000 10000 1035.00
4 10000 1000 10000 326.00
32 1000 10000 10000 58.00
4 1000 10000 10000 335.00
16 1000 1000 100000 92.00
16 10000 1000 10000 125.00
2 10000 1000 10000 1036.00
8 1000 10000 10000 219.00
32 1000 10000 10000 57.00
1 10000 1000 10000 1000.00
1 1000 1000 100000 1385.00
1 1000 10000 10000 1389.00
4 1000 1000 100000 258.00
2 1000 1000 100000 561.00
1 1000 10000 10000 1378.00
1 1000 10000 10000 1383.00
32 10000 1000 10000 65.00
32 1000 1000 100000 68.00
8 10000 1000 10000 238.00
32 1000 10000 10000 58.00
16 1000 10000 10000 81.00
4 1000 10000 10000 332.00
2 1000 1000 100000 549.00
1 10000 1000 10000 973.00
4 1000 10000 10000 335.00
4 1000 1000 100000 218.00
8 1000 10000 10000 242.00
2 1000 10000 10000 1011.00
16 10000 1000 10000 121.00
4 1000 1000 100000 251.00
32 1000 1000 100000 69.00
2 10000 1000 10000 1036.00
8 10000 1000 10000 243.00
1 1000 10000 10000 1377.00
16 1000 1000 100000 87.00
16 1000 10000 10000 86.00
4 10000 1000 10000 326.00
8 10000 1000 10000 220.00
16 10000 1000 10000 71.00
16 1000 10000 10000 133.00
16 1000 10000 10000 83.00
4 1000 10000 10000 335.00
32 1000 10000 10000 56.00
32 10000 1000 10000 41.00
16 10000 1000 10000 97.00
4 10000 1000 10000 219.00
8 10000 1000 10000 185.00
2 10000 1000 10000 1008.00
1 1000 10000 10000 1377.00
1 10000 1000 10000 1353.00
8 1000 1000 100000 135.00
32 1000 1000 100000 66.00
8 1000 1000 100000 137.00
16 1000 10000 10000 133.00
1 10000 1000 10000 1357.00
1 1000 1000 100000 1368.00
2 1000 10000 10000 1018.00
32 10000 1000 10000 40.00
2 1000 1000 100000 910.00
1 1000 1000 100000 1385.00
8 10000 1000 10000 246.00
2 1000 1000 100000 551.00
16 1000 1000 100000 86.00
16 1000 1000 100000 92.00
2 1000 10000 10000 1018.00
32 1000 10000 10000 53.00
4 1000 1000 100000 284.00
16 10000 1000 10000 124.00
4 10000 1000 10000 326.00
32 1000 1000 100000 66.00
2 1000 1000 100000 563.00
1 10000 1000 10000 1347.00
8 1000 1000 100000 138.00
8 1000 1000 100000 127.00
32 10000 1000 10000 50.00
4 1000 10000 10000 336.00
8 1000 10000 10000 219.00
32 1000 1000 100000 68.00
32 10000 1000 10000 54.00
8 1000 10000 10000 215.00
4 1000 1000 100000 293.00
2 1000 10000 10000 1011.00
2 1000 10000 10000 1011.00
16 1000 1000 100000 89.00
1 1000 1000 100000 1389.00
2 10000 1000 10000 1014.00
1 1000 1000 100000 1394.00
8 1000 1000 100000 127.00
4 10000 1000 10000 327.00
8 1000 10000 10000 167.00
