1 1000 1000 100000 1598.03
4 1000 1000 100000 248.75
2 1000 1000 100000 947.65
16 1000 1000 100000 95.25
2 10000 1000 10000 1000.76
16 1000 10000 10000 102.51
4 10000 1000 10000 287.16
16 10000 1000 10000 119.14
4 1000 1000 100000 227.89
2 1000 10000 10000 993.32
2 10000 1000 10000 1013.36
16 1000 1000 100000 93.55
32 10000 1000 10000 40.19
32 1000 10000 10000 58.76
2 1000 1000 100000 947.54
8 10000 1000 10000 221.36
4 1000 10000 10000 243.53
16 1000 10000 10000 102.29
1 1000 1000 100000 1600.59
1 1000 10000 10000 1700.74
16 10000 1000 10000 119.91
1 10000 1000 10000 1059.65
4 1000 1000 100000 249.57
4 10000 1000 10000 285.18
4 10000 1000 10000 292.53
1 10000 1000 10000 1305.72
1 10000 1000 10000 1310.34
32 10000 1000 10000 41.63
8 1000 10000 10000 176.40
8 10000 1000 10000 221.03
8 1000 10000 10000 179.83
1 1000 1000 100000 1341.53
4 1000 1000 100000 235.88
16 1000 10000 10000 102.32
2 10000 1000 10000 1013.58
32 1000 10000 10000 56.92
1 1000 10000 10000 1699.11
32 1000 10000 10000 58.47
4 1000 10000 10000 277.74
16 1000 1000 100000 83.37
1 1000 10000 10000 1694.84
4 1000 10000 10000 294.76
16 10000 1000 10000 124.17
32 1000 1000 100000 61.00
16 1000 1000 100000 80.87
2 1000 10000 10000 997.74
8 1000 1000 100000 145.68
32 1000 10000 10000 58.14
16 10000 1000 10000 124.30
32 1000 10000 10000 58.91
32 1000 1000 100000 70.65
32 10000 1000 10000 54.77
2 1000 1000 100000 947.61
1 1000 10000 10000 1721.38
2 10000 1000 10000 999.30
8 1000 10000 10000 142.15
32 1000 1000 100000 62.70
2 1000 10000 10000 997.99
4 10000 1000 10000 270.60
8 1000 1000 100000 151.09
4 10000 1000 10000 272.61
1 10000 1000 10000 1308.15
4 1000 10000 10000 240.02
16 10000 1000 10000 121.26
1 10000 1000 10000 1313.73
2 10000 1000 10000 1000.05
2 1000 1000 100000 398.81
32 1000 1000 100000 67.70
16 1000 10000 10000 101.97
4 1000 1000 100000 256.17
32 10000 1000 10000 58.65
8 1000 1000 100000 143.88
16 1000 10000 10000 102.11
8 1000 10000 10000 179.77
8 10000 1000 10000 221.40
2 1000 10000 10000 1003.24
2 1000 10000 10000 999.28
1 1000 1000 100000 1598.68
16 1000 1000 100000 92.71
1 1000 1000 100000 1345.57
2 1000 1000 100000 947.34
32 1000 1000 100000 65.25
8 10000 1000 10000 114.23
4 1000 10000 10000 241.63
1 1000 10000 10000 1701.37
8 1000 10000 10000 142.08
8 1000 1000 100000 152.02
8 10000 1000 10000 177.60
8 1000 1000 100000 157.73
